2.62
4.64
0.67
0.36
0.16
4.09
5.36
1.71
2.15
1.16
8.40
6.78
1.197
6.92
0.10
0.025
0.039
8.23
0.040
0.0271
0.027
0.0518
0.0033
0.0043
0.0032
0.0012
6.22
6.83
5.68
8.85
18.9
24.4
18.29
10.9
0.15
0.169
16.24
18.2
11.96
0.39
0.34
0.16
0.25
0.183
0.117
0.097
0.032
1.96
18.58
2.49
6.3
13.0
4.97
15.4
0.87
0.31
15.88
14.0
8.82
2.47
10.1
2.47
6.58
15.8
26.1
10.0
?
?
?
?
?
?
?
8.28
0.61
2.96
13.70
10.87
22.0
11.75
10.20
0.1497
0.2528
0.238
0.389
0.3697
0.3382
0.3024
0.2997
0.144
0.2718
0.179
0.123
0.2038
0.374
0.221
0.2372
0.1395
0.1415
0.179
0.1764
0.077
0.2514
0.177
0.161
0.3354
0.2378
0.2480
0.157
0.1799
0.196
0.163
0.2039
0.197
1.273
0.692
7.0
2.15
?
?
?
0.06
0.102
0.122
0.018
0.089
0.103
0.111
0.106
0.065
0.177
0.177
0.297
0.141
10.4
13.05
11.59
7.74
10.50
7.0
4.46
0.92
12.4
24.4
18.87
1.9
0.88
20.14
2.67
20.79
16.5
0.23
11.2
18.5
5.62
5.24
5.55
4.13
2.95
5.874
4.75
4.780
3.22
8.15
5.525
4.752
6.08
4.37
5.02
4.314
4.136
2.773
5.76
2.92
5.15
3.94
0.39
4.80
3.783
5.065
4.26
3.889
4.26
4.590
3.31
5.038
4.88
5.814
6.46
5.27
4.180
4.26
5.28
6.299
6.006
3.71
4.65
4.762
4.02
5.39
4.85
5.25
5.10
?
0.59
6.72
6.48
6.1
1.19
11.25
13.56
?
?
?
?
5.7
17.33
9.45
9.13
10.9
18.0
7.8
19.8
14.92
12.8
7.0
7.7
3.7
6.0
0.352
1.63
11.58
19.19
17.99
1.18
1.20
0.54
1.36
8.52
3.54
?
?
?
?
?
?
?
1.04
0.933
14.0
14.08
0.93
1.80
5.05
2.45
4.88
4.69
3.73
11.83
11.30
7.73
13.79
9.11
10.69
11.22
10.7
9.25
5.98
4.08
3.23
5.84
2.5
2.38
2.77
2.9
6.60
1.88
0.43
0.039
0.068
14.57
10.01
4.07
14.4
9.95
10.60
1.17
12.1
39.7
41.8
13.1
21.3
6.5
13.70
12.3
?
?
?
?
?
10.17
12.88
10.6
10.22
10.2
18.41
19.8
19.57
1.3
0.128
10.14
8.44
2.2
6.93
19.49
17.0
12.76
16.80
19.00
17.70
21.10
9.52
9.52
9.46
10.74
5.1
5.86
4.06
7.6
2.91
11.08
15.14
10.28
3.78
0.438
6.58
5.15
6.14
5.55
1.77
18.33
19.85
22.08
1.71
1.18
12.0
1.21
10.14
9.18
4.13
3.2
12.1
1.548
2.75
1.03
0.476
10.74
9.2
12.15
14.20
17.89
20.21
0.13
12.75
6.11
7.82
10.5
6.55
2.27
6.1
2.06
1.78
0.33
0.59
5.31
5.72
3.60
4.59
10.13
4.41
10.7
2.21
10.52
8.1
7.99
1.00
0.34
0.278
0.036
0.126
0.107
2.0
6.10
1.8
13.98
2.02
13.13
3.25
14.91
4.4
3.1
2.06
1.15
0.26
0.96
17.5
9.38
8.52
7.38
6.75
10.13
6.17
6.72
7.00
1.65
12.3
24.6
21.1
21.0
?
?
?
?
0.024
0.042
0.032
0.81
0.71
3.67
9.12
7.14
5.70
5.16
6.02
0.551
3.20
0.146
0.051
8.41
15.26
16.82
16.77
16.57
20.46
26.6
16.6
11.67
16.16
2.52
8.48
8.017
10.49
12.83
14.87
10.23
6.70
5.20
10.360
9.069
6.14
8.68
6.24
7.29
5.50
6.79
7.32
5.24
8.980
12.33
9.49
0.011
0.009
0.0094
0.0261
0.0149
0.0009
0.0054
3.5
2.7
3.2
1.41
11.014
8.05
6.70
0.181
15.57
20.58
9.60
16.30
14.8
3.28
9.50
6.96
8.54
23.21
21.31
23.2
27.5
21.03
17.8
10.6
8.35
18.34
3.1
12.4
7.7
15.30
10.90
16.3
8.8
0.62
0.60
0.21
1.03
0.124
0.60
0.190
17.98
12.3
28.5
5.32
18.09
1.09
0.11
1.78
1.21
0.16
0.403
0.182
15.4
4.50
0.289
0.107
?
?
2.6
4.6
2.94
1.37
0.49
6.61
6.15
10.38
6.2
17.55
4.37
2.95
2.07
3.94
0.178
0.060
0.134
0.036
15.76
18.4
4.7
20.1
18.3
14.77
23.11
17.0
17.47
28.00
0.44
0.27
0.45
0.52
0.091
0.060
0.070
0.010
6.03
6.42
6.04
1.53
1.9
8.73
6.52
0.508
12.1
11.03
4.19
9.16
9.60
5.93
11.6
5.2
6.73
1.6
8.7
1.1
2.78
2.7
8.2
18.0
15.8
19.08
6.90
4.75
29.2
13.76
15.53
2.92
5.44
8.4
18.6
11.7
5.27
20.0
22.4
29.3
22.9
8.1
2.23
13.5
6.4
9.82
3.10
8.94
12.84
7.60
9.56
11.76
13.61
0.054
0.150
0.115
0.082
0.076
0.094
0.080
15.8
9.00
8.72
11.05
11.46
14.06
11.69
12.699
11.635
12.02
19.29
13.16
9.06
11.06
8.0
3.47
13.2
1.56
14.54
3.26
9.86
0.23
0.455
0.237
0.87
0.000
0.075
0.010
0.037
5.6
1.18
14.8
12.07
10.77
7.91
7.49
2.11
2.32
2.02
6.19
17.46
27.35
13.74
8.90
16.89
2.77
2.42
7.90
3.86
2.21
1.22
15.01
14.9
15.49
10.8
0.92
0.521
0.25
0.146
0.085
0.0554
0.023
0.0143
0.0072
0.0082
8.9
5.24
18.82
7.85
5.78
0.076
6.8
3.33
26.2
0.64
4.72
11.01
9.90
13.02
12.65
13.07
0.35
4.89
2.420
2.187
1.489
1.46
0.253
0.218
6.8
2.58
11.37
21.4
23.06
14.61
1.98
4.4
2.61
?
?
?
?
8.16
7.5
4.90
6.58
5.07
4.803
4.898
4.61
4.805
3.017
2.99
2.53
0.56
1.5
5.37
2.08
0.014
0.230
0.266
0.236
0.166
0.053
0.029
0.124
0.141
0.231
0.19
2.21
9.9
0.30
0.058
4.86
5.10
12.53
0.51
2.56
0.89
3.24
3.51
2.02
0.105
0.228
0.245
0.114
23.2
3.78
11.64
7.25
5.70
6.00
2.40
1.67
0.81
12.22
19.9
11.86
3.06
0.19
0.14
5.07
2.02
1.29
2.68
2.58
4.13
3.11
2.03
1.81
2.48
1.99
2.10
2.82
2.30
2.59
1.99
18.1
9.25
1.09
9.95
7.94
4.20
6.01
3.51
3.09
0.0170
7.12
4.52
9.22
5.57
4.89
4.52
3.71
4.08
7.03
2.07
7.22
9.55
1.39
0.79
17.7
12.8
5.98
6.23
0.185
6.95
6.12
8.281
7.98
4.61
2.31
0.26
5.36
6.75
15.0
8.41
20.33
14.53
11.4
1.88
1.96
4.3
8.64
1.68
1.39
1.87
5.25
4.56
1.95
3.98
9.51
13.35
9.26
13.80
3.46
0.412
0.623
0.114
6.00
4.48
3.76
5.35
0.069
0.039
0.026
6.24
11.46
9.29
10.44
7.80
21.5
3.3
14.05
10.89
18.8
