0.84
0.32
0.20
0.32
0.26
0.33
0.83
0.13
0.35
0.24
0.39
0.52
0.069
0.64
0.30
0.071
0.056
0.34
0.012
0.0033
0.012
0.0045
0.0028
0.0028
0.0021
0.0015
0.52
0.48
0.40
0.31
3.2
3.9
0.61
1.3
0.22
0.071
0.47
2.0
0.91
0.18
0.20
0.12
0.14
0.089
0.020
0.019
0.019
0.47
0.82
0.30
1.0
2.5
0.32
1.2
0.23
0.63
0.75
1.3
0.58
0.40
1.0
0.91
0.18
4.1
1.4
1.1
?
?
?
?
?
?
?
0.38
0.31
0.38
0.56
0.78
1.1
0.52
0.76
0.0094
0.0064
0.021
0.020
0.0065
0.0048
0.0043
0.0065
0.013
0.0082
0.015
0.016
0.0031
0.012
0.022
0.0056
0.0033
0.0020
0.014
0.0069
0.018
0.0042
0.026
0.015
0.0050
0.0074
0.0097
0.010
0.0091
0.018
0.010
0.0076
0.019
0.062
0.017
2.7
0.73
?
?
?
0.29
0.065
0.075
0.039
0.063
0.026
0.015
0.023
0.011
0.026
0.038
0.024
0.016
1.0
0.16
0.45
0.25
0.35
1.2
0.63
0.16
1.3
1.6
0.61
1.6
0.90
0.47
0.49
0.62
1.2
0.17
1.4
1.2
0.15
0.30
0.22
0.18
0.19
0.089
0.31
0.060
0.41
0.31
0.059
0.057
0.25
0.10
0.48
0.053
0.055
0.072
0.59
0.54
0.35
0.77
0.19
0.20
0.043
0.059
0.20
0.099
0.15
0.083
0.10
0.055
0.15
0.047
0.24
0.19
0.085
0.13
0.11
0.044
0.061
0.24
0.22
0.048
0.29
0.10
0.16
0.24
0.27
?
0.15
0.46
0.77
1.1
0.92
0.67
0.82
?
?
?
?
1.1
0.55
0.53
0.81
1.3
1.1
1.1
3.0
0.80
1.7
2.6
1.8
1.5
1.7
0.039
0.10
0.72
0.62
0.32
0.35
0.83
0.23
0.14
0.41
0.52
?
?
?
?
?
?
?
0.15
0.090
4.1
0.89
0.15
0.26
0.61
0.47
0.45
0.50
0.10
0.22
0.59
0.46
0.20
0.24
1.00
0.83
1.2
0.42
0.13
0.16
0.11
0.16
1.2
0.53
0.43
1.3
0.72
0.22
0.41
0.050
0.058
0.56
0.32
0.42
1.2
0.71
0.37
0.23
5.1
4.9
1.1
2.3
2.1
3.3
0.91
1.1
?
?
?
?
?
0.95
0.49
1.8
0.60
1.5
0.37
1.3
0.41
1.4
0.034
0.35
0.32
1.1
0.82
0.75
1.7
0.83
0.41
0.61
0.60
0.77
0.31
0.14
0.28
0.44
1.7
0.82
0.54
1.7
0.54
0.44
0.43
0.13
0.66
0.038
0.56
0.38
0.75
0.48
0.31
0.89
0.30
0.47
0.24
0.43
2.2
0.33
0.94
0.56
0.59
2.1
1.2
0.055
0.54
0.26
0.078
0.71
1.4
0.38
0.40
0.46
0.95
0.44
0.83
0.53
0.45
1.2
0.78
0.28
1.1
0.85
0.37
0.47
0.31
0.85
0.43
0.83
0.40
0.66
0.49
1.1
0.79
0.57
1.4
0.90
0.38
0.12
0.051
0.018
0.073
0.031
7.5
0.41
1.5
0.57
0.19
0.81
0.48
0.80
3.2
1.5
0.87
0.23
0.14
0.16
2.0
0.27
0.14
0.35
0.23
0.53
0.59
0.23
1.00
0.30
1.5
1.9
1.9
1.9
?
?
?
?
0.037
0.039
0.014
0.35
0.93
0.26
0.79
0.73
0.25
0.39
0.79
0.056
0.11
0.028
0.013
0.24
0.44
0.22
0.13
0.15
0.40
1.0
1.2
0.92
0.60
0.49
0.46
0.056
0.15
0.56
0.17
0.51
0.39
0.69
0.070
0.082
0.29
0.26
0.34
0.34
0.15
0.48
0.25
0.26
0.051
0.51
0.33
0.012
0.010
0.0046
0.0029
0.0025
0.0010
0.0014
1.8
1.1
1.5
0.78
0.069
0.38
0.78
0.047
0.30
0.79
0.54
0.40
1.9
0.53
0.37
0.59
0.93
0.93
0.43
2.4
1.2
0.29
1.6
1.0
0.26
0.48
1.2
3.1
4.4
0.80
0.43
1.4
1.7
0.23
0.13
0.13
0.37
0.031
0.28
0.094
0.62
2.0
1.4
0.42
0.92
0.51
0.20
0.11
0.20
0.16
0.078
0.048
3.0
0.34
0.066
0.014
?
?
1.9
1.1
0.51
0.28
0.39
0.30
0.30
0.52
1.0
0.90
0.50
0.52
0.46
0.12
0.035
0.031
0.070
0.042
0.39
2.4
1.1
1.1
1.8
0.92
0.49
2.6
0.45
0.60
0.24
0.30
0.10
0.27
0.058
0.042
0.052
0.015
0.34
0.19
0.43
0.86
1.9
0.97
0.59
0.063
1.2
0.63
0.55
0.27
0.28
0.41
1.7
1.1
0.35
1.6
5.4
2.5
0.50
1.0
5.1
1.1
1.9
0.86
0.84
0.18
2.7
0.80
0.91
0.42
0.61
4.7
2.5
2.8
0.99
1.0
1.1
1.3
1.0
1.0
0.44
1.2
1.1
0.56
0.36
0.40
0.69
0.74
0.67
0.68
0.89
0.032
0.013
0.011
0.023
0.019
0.024
0.015
1.3
0.84
0.39
0.28
0.44
0.78
0.15
0.081
0.095
0.14
0.51
0.37
0.36
0.64
1.8
0.91
1.1
0.33
0.26
0.47
0.77
0.14
0.040
0.045
0.21
0.012
0.019
0.014
0.017
1.0
0.36
1.1
0.32
0.58
0.60
0.50
0.68
0.20
0.33
0.72
0.67
0.97
0.40
1.00
0.62
0.47
0.36
0.75
0.55
0.21
0.12
0.48
1.0
0.32
1.2
0.32
0.085
0.18
0.081
0.011
0.0077
0.012
0.0043
0.0054
0.0044
1.4
0.57
0.35
0.29
0.46
0.023
1.5
0.27
2.6
0.80
0.60
0.32
0.17
0.34
0.45
0.14
0.17
0.41
0.033
0.066
0.071
0.12
0.041
0.022
1.4
0.49
0.95
1.4
0.91
0.86
0.64
1.2
0.42
?
?
?
?
0.21
1.1
0.16
0.26
0.15
0.071
0.066
0.15
0.092
0.068
0.33
0.21
0.34
1.0
0.58
0.44
0.019
0.077
0.042
0.028
0.017
0.025
0.040
0.021
0.027
0.044
0.10
0.60
1.2
0.10
0.044
0.70
0.84
0.34
0.34
0.38
0.21
0.42
0.33
0.27
0.013
0.037
0.085
0.018
2.2
0.53
0.74
0.53
0.29
0.62
0.25
0.18
0.13
0.69
1.4
0.30
0.21
0.14
0.25
0.32
0.20
0.22
0.97
0.59
0.18
0.12
0.14
0.40
0.51
0.21
0.10
0.56
0.37
0.33
0.35
1.8
0.41
0.36
0.72
0.71
0.26
0.21
0.13
0.12
0.0029
0.55
0.28
0.23
0.26
0.17
0.54
0.23
0.13
0.42
0.16
0.72
0.42
0.34
0.56
1.4
1.8
0.12
0.13
0.084
0.20
0.26
0.097
0.48
0.38
0.40
0.12
0.41
0.70
1.3
0.64
0.65
0.45
1.1
0.84
0.40
1.6
0.57
0.41
0.15
0.45
0.19
0.25
0.37
0.14
0.41
0.27
0.43
0.49
0.86
0.051
0.056
0.048
0.95
0.47
0.37
0.74
0.046
0.018
0.015
0.87
0.76
0.26
0.60
0.52
2.6
1.2
0.96
1.00
3.1
